Francuska vs Rumunjska
0.8451	0.8071	0.8511	0.8977
0.7005	0.7870	0.5495	0.4617
1.0 0.0 0.0
Engleska vs Poljska
0.8747	0.8155	0.8088	0.8574
0.7239	0.6141	0.6040	0.8708
1.0 0.0 0.0
Njemačka vs Island
0.9897	0.7257	0.9521	0.9138
0.7705	0.7637	0.5250	0.6917
1.0 0.0 0.0
Španjolska vs Italija
0.9237	0.9252	0.9941	0.8537
0.8706	0.7638	0.7647	0.7030
1.0 0.0 0.0
Belgija	vs Hrvatska
0.8624	0.8139	0.8138	0.9009
0.8509	0.6511	0.7571	0.7705
1.0 0.0 0.0
Austrija vs Ukrajina
0.8236	0.8050	0.7057	0.8052
0.7805	0.7319	0.7108	0.7047
1.0 0.0 0.0
Češka vs Rusija
0.8571	0.4159	0.6435	0.7509
0.7833	0.7020	0.7157	0.6715
1.0 0.0 0.0
Švedska vs Švicarska
0.6506	0.6815	0.7457	0.7611
0.7613	0.7047	0.8191	0.8685
0.0 0.0 1.0