Treceplasirani
Rumunjska vs Slovačka
0.7005	0.7870	0.5495	0.4617
0.7219	0.6608	0.6128	0.6801
1.0 	0.0 	0.0
Rumunjska vs Poljska
0.7005	0.7870	0.5495	0.4617
0.7239	0.6141	0.6040	0.8708
0.0 	0.0 	1.0
Rumunjska vs Češka
0.7005	0.7870	0.5495	0.4617
0.8571	0.4159	0.6435	0.7509
0.0 	1.0 	0.0
Rumunjska vs Švedska
0.7005	0.7870	0.5495	0.4617
0.6506	0.6815	0.7457	0.7611
0.0 	0.0 	1.0
Rumunjska vs Mađarska
0.7005	0.7870	0.5495	0.4617
0.6815	0.6607	0.5170	0.5568
0.0 	1.0 	0.0
Slovačka vs Poljska
0.7219	0.6608	0.6128	0.6801
0.7239	0.6141	0.6040	0.8708
0.0 	1.0 	0.0
Slovačka vs Češka
0.7219	0.6608	0.6128	0.6801
0.8571	0.4159	0.6435	0.7509
0.0 	0.0 	1.0
Slovačka vs Švedska
0.7219	0.6608	0.6128	0.6801
0.6506	0.6815	0.7457	0.7611
0.0 	1.0 	0.0
Slovačka vs Mađarska
0.7219	0.6608	0.6128	0.6801
0.6815	0.6607	0.5170	0.5568
1.0 	0.0 	0.0
Poljska vs Češka
0.7239	0.6141	0.6040	0.8708
0.8571	0.4159	0.6435	0.7509
0.0 	0.0 	1.0
Poljska vs Švedska
0.7239	0.6141	0.6040	0.8708
0.6506	0.6815	0.7457	0.7611
1.0 	0.0 	0.0
Poljska vs Mađarska
0.7239	0.6141	0.6040	0.8708
0.6815	0.6607	0.5170	0.5568
1.0 	0.0 	0.0
Češka vs Švedska
0.8571	0.4159	0.6435	0.7509
0.6506	0.6815	0.7457	0.7611
0.0 	1.0 	0.0
Češka vs Mađarska
0.8571	0.4159	0.6435	0.7509
0.6815	0.6607	0.5170	0.5568
1.0 	0.0 	0.0
Švedska vs Mađarska
0.6506	0.6815	0.7457	0.7611
0.6815	0.6607	0.5170	0.5568
0.0 	0.0 	1.0