Skupina A

Albanija
0.3701	0.4237	0.3370	0.4250

Francuska
0.8451	0.8071	0.8511	0.8977

Rumunjska
0.7005	0.7870	0.5495	0.4617

Švicarska
0.7613	0.7047	0.8191	0.8685





Skupina B

Engleska
0.8747	0.8155	0.8088	0.8574

Rusija
0.7833	0.7020	0.7157	0.6715

Slovačka
0.7219	0.6608	0.6128	0.6801

Wales
0.7271	0.8024	0.6520	0.7038





Skupina C

Njemačka
0.9897	0.7257	0.9521	0.9138

Sjeverna Irska
0.7221	0.6649	0.3710	0.6509
		
Poljska
0.7239	0.6141	0.6040	0.8708

Ukrajna
0.7805	0.7319	0.7108	0.7047





Skupina D

Hrvatska
0.8509	0.6511	0.7571	0.7705

Češka
0.8571	0.4159	0.6435	0.7509

Španjolska
0.9237	0.9252	0.9941	0.8537

Turska
0.7144	0.6441	0.6108	0.3541





Skupina E

Belgija
0.8624	0.8139	0.8138	0.9009

Italija
0.8706	0.7638	0.7647	0.7030

Irska
0.7322	0.7846	0.5318	0.8099

Švedska
0.6506	0.6815	0.7457	0.7611





Skupina F

Austrija
0.8236	0.8050	0.7057	0.8052

Mađarska
0.6815	0.6607	0.5170	0.5568

Island
0.7705	0.7637	0.5250	0.6917

Portugal
0.7550	0.8448	0.4537	0.5139

