Input: 0,3701; 0,4237; 0,337; 0,425; 0,8451; 0,8071; 0,8511; 0,8977;  Output: 0,9861; 0,0006; 0,0303; Desired output: 1; 0; 0;  Error: -0,0139; 0,0006; 0,0303; 
Input: 0,3701; 0,4237; 0,337; 0,425; 0,7005; 0,787; 0,5495; 0,4617;  Output: 0,094; 0,0101; 0,9231; Desired output: 0; 0; 1;  Error: 0,094; 0,0101; -0,0769; 
Input: 0,3701; 0,4237; 0,337; 0,425; 0,7613; 0,7047; 0,8191; 0,8685;  Output: 0; 0,0049; 0,9985; Desired output: 0; 0; 1;  Error: 0; 0,0049; -0,0015; 
Input: 0,8451; 0,8071; 0,8511; 0,8977; 0,7005; 0,787; 0,5495; 0,4617;  Output: 0,9814; 0,0958; 0; Desired output: 1; 0; 0;  Error: -0,0186; 0,0958; 0; 
Input: 0,8451; 0,8071; 0,8511; 0,8977; 0,7613; 0,7047; 0,8191; 0,8685;  Output: 0,0835; 0,8863; 0; Desired output: 0; 1; 0;  Error: 0,0835; -0,1137; 0; 
Input: 0,7613; 0,7047; 0,8191; 0,8685; 0,7005; 0,787; 0,5495; 0,4617;  Output: 0; 0,9998; 0; Desired output: 0; 1; 0;  Error: 0; -0,0002; 0; 
Input: 0,8747; 0,8155; 0,8088; 0,8574; 0,7833; 0,702; 0,7157; 0,6715;  Output: 0,9999; 0,0009; 0; Desired output: 1; 0; 0;  Error: -0,0001; 0,0009; 0; 
Input: 0,8747; 0,8155; 0,8088; 0,8574; 0,7219; 0,6608; 0,6128; 0,6801;  Output: 1; 0; 0; Desired output: 1; 0; 0;  Error: -0; 0; 0; 
Input: 0,8747; 0,8155; 0,8088; 0,8574; 0,7271; 0,8024; 0,652; 0,7038;  Output: 0,999; 0,006; 0; Desired output: 1; 0; 0;  Error: -0,001; 0,006; 0; 
Input: 0,7833; 0,702; 0,7157; 0,6715; 0,7219; 0,6608; 0,6128; 0,6801;  Output: 0,0595; 0,4311; 0,0293; Desired output: 0; 1; 0;  Error: 0,0595; -0,5689; 0,0293; 
Input: 0,7833; 0,702; 0,7157; 0,6715; 0,7271; 0,8024; 0,652; 0,7038;  Output: 0,0074; 0,0105; 0,9651; Desired output: 0; 0; 1;  Error: 0,0074; 0,0105; -0,0349; 
Input: 0,7271; 0,8024; 0,652; 0,7038; 0,7219; 0,6608; 0,6128; 0,6801;  Output: 0,0004; 0,1131; 0,9674; Desired output: 0; 0; 1;  Error: 0,0004; 0,1131; -0,0326; 
Input: 0,9897; 0,7257; 0,9521; 0,9138; 0,7221; 0,6649; 0,371; 0,6509;  Output: 1; 0; 0; Desired output: 1; 0; 0;  Error: -0; 0; 0; 
Input: 0,9897; 0,7257; 0,9521; 0,9138; 0,7239; 0,6141; 0,604; 0,8708;  Output: 1; 0; 0; Desired output: 1; 0; 0;  Error: -0; 0; 0; 
Input: 0,9897; 0,7257; 0,9521; 0,9138; 0,7805; 0,7319; 0,7108; 0,7047;  Output: 1; 0; 0; Desired output: 1; 0; 0;  Error: -0; 0; 0; 
Input: 0,7221; 0,6649; 0,371; 0,6509; 0,7239; 0,6141; 0,604; 0,8708;  Output: 0,0001; 0,9942; 0,127; Desired output: 0; 1; 0;  Error: 0,0001; -0,0058; 0,127; 
Input: 0,7221; 0,6649; 0,371; 0,6509; 0,7805; 0,7319; 0,7108; 0,7047;  Output: 0,0006; 0; 1; Desired output: 0; 0; 1;  Error: 0,0006; 0; -0; 
Input: 0,7805; 0,7319; 0,7108; 0,7047; 0,7239; 0,6141; 0,604; 0,8708;  Output: 0,0169; 0,9468; 0,0001; Desired output: 0; 1; 0;  Error: 0,0169; -0,0532; 0,0001; 
Input: 0,8509; 0,6511; 0,7571; 0,7705; 0,8571; 0,4159; 0,6435; 0,7509;  Output: 1; 0,0001; 0; Desired output: 1; 0; 0;  Error: -0; 0,0001; 0; 
Input: 0,8509; 0,6511; 0,7571; 0,7705; 0,9237; 0,9252; 0,9941; 0,8537;  Output: 0,0001; 0; 1; Desired output: 0; 0; 1;  Error: 0,0001; 0; -0; 
Input: 0,8509; 0,6511; 0,7571; 0,7705; 0,7144; 0,6441; 0,6108; 0,3541;  Output: 1; 0; 0; Desired output: 1; 0; 0;  Error: -0; 0; 0; 
Input: 0,8571; 0,4159; 0,6435; 0,7509; 0,9237; 0,9252; 0,9941; 0,8537;  Output: 0,0439; 0; 0,9998; Desired output: 0; 0; 1;  Error: 0,0439; 0; -0,0002; 
Input: 0,8571; 0,4159; 0,6435; 0,7509; 0,7144; 0,6441; 0,6108; 0,3541;  Output: 1; 0; 0; Desired output: 1; 0; 0;  Error: -0; 0; 0; 
Input: 0,7144; 0,6441; 0,6108; 0,3541; 0,9237; 0,9252; 0,9941; 0,8537;  Output: 0,0028; 0; 1; Desired output: 0; 0; 1;  Error: 0,0028; 0; -0; 
Input: 0,8624; 0,8139; 0,8138; 0,9009; 0,8706; 0,7638; 0,7647; 0,703;  Output: 0,9983; 0,0124; 0; Desired output: 1; 0; 0;  Error: -0,0017; 0,0124; 0; 
Input: 0,8624; 0,8139; 0,8138; 0,9009; 0,7322; 0,7846; 0,5318; 0,8099;  Output: 0,5122; 0,467; 0; Desired output: 0; 1; 0;  Error: 0,5122; -0,533; 0; 
Input: 0,8624; 0,8139; 0,8138; 0,9009; 0,6506; 0,6815; 0,7457; 0,7611;  Output: 0,9988; 0,0051; 0; Desired output: 1; 0; 0;  Error: -0,0012; 0,0051; 0; 
Input: 0,8706; 0,7638; 0,7647; 0,703; 0,7322; 0,7846; 0,5318; 0,8099;  Output: 0,9994; 0,0156; 0; Desired output: 1; 0; 0;  Error: -0,0006; 0,0156; 0; 
Input: 0,8706; 0,7638; 0,7647; 0,703; 0,6506; 0,6815; 0,7457; 0,7611;  Output: 0,986; 0,0574; 0,0002; Desired output: 1; 0; 0;  Error: -0,014; 0,0574; 0,0002; 
Input: 0,6506; 0,6815; 0,7457; 0,7611; 0,7322; 0,7846; 0,5318; 0,8099;  Output: 0,9677; 0,0718; 0,001; Desired output: 1; 0; 0;  Error: -0,0323; 0,0718; 0,001; 
Input: 0,8236; 0,805; 0,7057; 0,8052; 0,6815; 0,6607; 0,517; 0,5568;  Output: 1; 0; 0; Desired output: 1; 0; 0;  Error: -0; 0; 0; 
Input: 0,8236; 0,805; 0,7057; 0,8052; 0,7705; 0,7637; 0,525; 0,6917;  Output: 0,9991; 0,0033; 0; Desired output: 1; 0; 0;  Error: -0,0009; 0,0033; 0; 
Input: 0,8236; 0,805; 0,7057; 0,8052; 0,755; 0,8448; 0,4537; 0,5139;  Output: 0,9989; 0,0002; 0; Desired output: 1; 0; 0;  Error: -0,0011; 0,0002; 0; 
Input: 0,6815; 0,6607; 0,517; 0,5568; 0,7705; 0,7637; 0,525; 0,6917;  Output: 0,0484; 0,0008; 0,9782; Desired output: 0; 0; 1;  Error: 0,0484; 0,0008; -0,0218; 
Input: 0,6815; 0,6607; 0,517; 0,5568; 0,755; 0,8448; 0,4537; 0,5139;  Output: 0,9343; 0,0017; 0,0788; Desired output: 1; 0; 0;  Error: -0,0657; 0,0017; 0,0788; 
Input: 0,755; 0,8448; 0,4537; 0,5139; 0,7705; 0,7637; 0,525; 0,6917;  Output: 0,0474; 0,9678; 0,0015; Desired output: 0; 1; 0;  Error: 0,0474; -0,0322; 0,0015; 
Total Mean Square Error: 0.00910285072525047