Input: 0,7005; 0,787; 0,5495; 0,4617; 0,7219; 0,6608; 0,6128; 0,6801;  Output: 0,5947; 0; 0,0411; Desired output: 1; 0; 0;  Error: -0,4053; 0; 0,0411; 
Input: 0,7005; 0,787; 0,5495; 0,4617; 0,7239; 0,6141; 0,604; 0,8708;  Output: 0,0343; 0; 0,9987; Desired output: 0; 0; 1;  Error: 0,0343; 0; -0,0013; 
Input: 0,7005; 0,787; 0,5495; 0,4617; 0,8571; 0,4159; 0,6435; 0,7509;  Output: 0,0001; 0,99; 0,0022; Desired output: 0; 1; 0;  Error: 0,0001; -0,01; 0,0022; 
Input: 0,7005; 0,787; 0,5495; 0,4617; 0,6506; 0,6815; 0,7457; 0,7611;  Output: 0,1089; 0; 0,9986; Desired output: 0; 0; 1;  Error: 0,1089; 0; -0,0014; 
Input: 0,7005; 0,787; 0,5495; 0,4617; 0,6815; 0,6607; 0,517; 0,5568;  Output: 0,1557; 0,9919; 0; Desired output: 0; 1; 0;  Error: 0,1557; -0,0081; 0; 
Input: 0,7219; 0,6608; 0,6128; 0,6801; 0,7239; 0,6141; 0,604; 0,8708;  Output: 0,0006; 0,9893; 0,0003; Desired output: 0; 1; 0;  Error: 0,0006; -0,0107; 0,0003; 
Input: 0,7219; 0,6608; 0,6128; 0,6801; 0,8571; 0,4159; 0,6435; 0,7509;  Output: 0; 0,0156; 0,9833; Desired output: 0; 0; 1;  Error: 0; 0,0156; -0,0167; 
Input: 0,7219; 0,6608; 0,6128; 0,6801; 0,6506; 0,6815; 0,7457; 0,7611;  Output: 0,0032; 0,9921; 0; Desired output: 0; 1; 0;  Error: 0,0032; -0,0079; 0; 
Input: 0,7219; 0,6608; 0,6128; 0,6801; 0,6815; 0,6607; 0,517; 0,5568;  Output: 1; 0; 0; Desired output: 1; 0; 0;  Error: -0; 0; 0; 
Input: 0,7239; 0,6141; 0,604; 0,8708; 0,8571; 0,4159; 0,6435; 0,7509;  Output: 0; 0,0276; 0,9861; Desired output: 0; 0; 1;  Error: 0; 0,0276; -0,0139; 
Input: 0,7239; 0,6141; 0,604; 0,8708; 0,6506; 0,6815; 0,7457; 0,7611;  Output: 0,9845; 0; 0,0365; Desired output: 1; 0; 0;  Error: -0,0155; 0; 0,0365; 
Input: 0,7239; 0,6141; 0,604; 0,8708; 0,6815; 0,6607; 0,517; 0,5568;  Output: 0,9902; 0; 0,0001; Desired output: 1; 0; 0;  Error: -0,0098; 0; 0,0001; 
Input: 0,8571; 0,4159; 0,6435; 0,7509; 0,6506; 0,6815; 0,7457; 0,7611;  Output: 0; 1; 0,0006; Desired output: 0; 1; 0;  Error: 0; -0; 0,0006; 
Input: 0,8571; 0,4159; 0,6435; 0,7509; 0,6815; 0,6607; 0,517; 0,5568;  Output: 0,9877; 0; 0; Desired output: 1; 0; 0;  Error: -0,0123; 0; 0; 
Input: 0,6506; 0,6815; 0,7457; 0,7611; 0,6815; 0,6607; 0,517; 0,5568;  Output: 0; 0,0245; 0,9626; Desired output: 0; 0; 1;  Error: 0; 0,0245; -0,0374; 
Total Mean Square Error: 0.004641866522491335